3,  2,  2,  2,  2,  2,  2,  2,  2,  2,  2,  2,  2,  2,  6, 
1,  0, 19, 26, 26, 22,  0,  0,  0, 19, 26, 26, 26, 22,  4, 
1,  0, 21,  0,  0, 25, 22,  0,  0, 21,  0,  0,  0, 21,  4, 
1, 19, 24, 22,  0,  0, 25, 18, 26, 16, 26, 26, 26, 20,  4, 
1, 21,  0, 17, 26, 22,  0, 21,  0, 21,  0,  0,  0, 21,  4, 
1, 25, 26, 20,  0, 21,  0, 21,  0, 21,  0, 19, 26, 20,  4, 
1,  0,  0, 21,  0, 17, 26, 24, 26, 16, 26, 20,  0, 21,  4,
1, 19, 26, 20,  0, 21,  0,  0,  0, 21,  0, 21,  0, 21,  4, 
1, 21,  0, 17, 26, 24, 18, 26, 26, 20,  0, 25, 18, 28,  4,
1, 21,  0, 21,  0,  0, 21,  0,  0, 21,  0,  0, 21,  0,  4, 
1, 21,  0, 17, 26, 18, 28,  0, 19, 24, 26, 26, 24, 22,  4, 
1, 17, 26, 28,  0, 21,  0,  0, 21,  0,  0,  0,  0, 21,  4,
1, 21,  0,  0,  0, 17, 18, 26, 24, 26, 26, 22,  0, 21,  4, 
1, 25, 26, 26, 26, 24, 28,  0,  0,  0,  0, 25, 26, 28,  4, 
9,  8,  8,  8,  8,  8,  8,  8,  8,  8,  8,  8,  8,  8,  12